11 0.484629 0.610963 0.854064 0.357754
11 0.837102 0.536898 0.0431095 0.0887701
11 0.80318 0.53369 0.0628975 0.086631
11 0.631095 0.546524 0.0551237 0.149733
11 0.238163 0.586364 0.0565371 0.168449
11 0.152473 0.586364 0.0710247 0.160963
11 0.681095 0.557219 0.0519435 0.122995
11 0.0989399 0.610695 0.0537102 0.134759
11 0.332509 0.597861 0.0621908 0.168984
11 0.526502 0.585562 0.0685512 0.20107
11 0.817668 0.629679 0.185866 0.195187
11 0.584452 0.569786 0.0946996 0.160963
11 0.376855 0.692513 0.113428 0.273797
11 0.472085 0.600802 0.0883392 0.195187
11 0.192403 0.643048 0.0681979 0.186631
11 0.271731 0.628342 0.059364 0.20107
