6 0.245999 0.571892 0.0271399 0.0335135
6 0.175539 0.575676 0.0490605 0.0367568
6 0.655184 0.674595 0.0584551 0.104865
6 0.693111 0.651351 0.0688935 0.0648649
6 0.220251 0.570811 0.0487126 0.0410811
6 0.570633 0.705135 0.12874 0.13027
6 0.294537 0.579189 0.0212248 0.0351351
6 0.708768 0.714054 0.151705 0.168649
6 0.136221 0.668919 0.0441893 0.0621622
6 0.173452 0.651351 0.0574113 0.067027
6 0.391441 0.664054 0.0890745 0.157297
6 0.448678 0.751892 0.133264 0.153514
6 0.249652 0.709189 0.0768963 0.134054
