11 0.701506 0.644384 0.0787815 0.100045
6 0.581758 0.664393 0.167717 0.140064
11 0.537815 0.670532 0.0896359 0.114143
11 0.582283 0.666212 0.172969 0.137335
6 0.528887 0.663711 0.089986 0.113233
11 0.630952 0.7201 0.15056 0.206003
11 0.762605 0.77126 0.105742 0.177353
11 0.795343 0.829468 0.0962885 0.109141
11 0.43855 0.832424 0.0920868 0.135061
11 0.730392 0.770578 0.0532213 0.167804
6 0.627801 0.722601 0.144258 0.202819
6 0.154587 0.696908 0.153711 0.208731
11 0.675245 0.797408 0.0913866 0.165985
6 0.365371 0.746703 0.185924 0.216462
