10 0.564 0.616625 0.14 0.1067
10 0.583 0.51737 0.094 0.0719603
10 0.779 0.513648 0.07 0.124069
10 0.833 0.531017 0.074 0.104218
10 0.453 0.502481 0.134 0.126551
10 0.436 0.622829 0.148 0.168734
10 0.618 0.549628 0.076 0.0868486
10 0.478 0.837469 0.08 0.0769231
10 0.206 0.51861 0.096 0.143921
10 0.113 0.547146 0.086 0.111663
10 0.282 0.272953 0.076 0.193548
10 0.843 0.224566 0.21 0.191067
10 0.54 0.836228 0.092 0.08933
12 0.193 0.735732 0.29 0.28536
10 0.806 0.779156 0.244 0.253102
10 0.503 0.215881 0.266 0.277916
10 0.187 0.227047 0.282 0.260546
