10 0.829017 0.494182 0.0438689 0.0850909
10 0.783562 0.469455 0.0681818 0.138909
10 0.19741 0.490909 0.0671247 0.116364
10 0.618922 0.511273 0.0528541 0.0872727
10 0.569503 0.545455 0.145349 0.168727
10 0.468023 0.797091 0.0882664 0.0916364
10 0.22463 0.472 0.077167 0.151273
10 0.127378 0.499636 0.0792812 0.120727
12 0.201903 0.702909 0.276956 0.306182
10 0.288319 0.213818 0.0745243 0.205091
10 0.537262 0.809091 0.082981 0.0996364
10 0.826374 0.164727 0.202431 0.202909
10 0.502907 0.152727 0.254228 0.293818
10 0.789905 0.748 0.236258 0.268364
10 0.20111 0.163636 0.266913 0.279273
