11 0.635 0.637386 0.1004 0.131642
11 0.7306 0.655098 0.0604 0.12494
11 0.325 0.809239 0.0492 0.0588798
11 0.5692 0.735519 0.816 0.331738
11 0.6972 0.637626 0.1136 0.159885
11 0.9032 0.65079 0.0536 0.105792
11 0.9454 0.671853 0.0412 0.0751556
11 0.6094 0.626137 0.0476 0.108186
11 0.3446 0.796314 0.086 0.0847295
7 0.1806 0.846817 0.1044 0.141695
11 0.184 0.847774 0.096 0.141695
11 0.7924 0.745333 0.12 0.0861656
11 0.2808 0.799426 0.06 0.0718047
11 0.6828 0.750359 0.0792 0.0789852
11 0.3638 0.681427 0.0588 0.152705
11 0.4148 0.683341 0.0792 0.137386
11 0.4836 0.664911 0.056 0.0861656
11 0.6004 0.731211 0.0832 0.133557
11 0.7904 0.636668 0.1008 0.151269
11 0.2732 0.70943 0.0808 0.109143
11 0.6696 0.660843 0.092 0.130685
11 0.6668 0.851843 0.1664 0.140258
11 0.9254 0.778363 0.0676 0.141695
11 0.4776 0.750838 0.2088 0.168023
11 0.8156 0.821685 0.2096 0.159406
